3
AB
110
111111111111111111111111111111111111111100000000
000000000000001111111111111111111111111100000000
000000000000000011111111111111111111111100000000
000000000000000011111111111111111111000000000000
C
84
000000000000001111111111111111111100000000000000
000000000000001111111111111111111111000000000000
000000000000001111111111111111111100000000000000
000000000000001111111111111111111111000000000000
D
99
000000000000001101111111111111111111111111110000
000000000000001111111111111111100011111100000000
000000000000001111111111111111111111000000000000
000000000000001111111111111111111111111000000000
